[-288.7776969 -513.91392101 1112.46107631]
[-139.99001825 -78.19944296 332.80887216]
[-421.02554335 -485.86597752 1304.60290125]
[-108.53562262 -111.86791553 320.87196958]
[-161.71200131 -84.32754607 380.77790156]
[-209.58787286 -120.35695932 513.69157879]
[-168.7517898 -317.71406329 656.6619055]
[-134.66177998 -226.66120044 499.71005983]
[-234.21589031 -345.5781805 807.84649028]
[-75.52431939 -253.18456127 440.34446828]
[-150.28176236 -209.68423107 515.17614926]
[-152.77395079 -61.53132552 340.826387]
[-144.4302966 -209.67850215 506.60140114]
[-272.02193721 -290.27840236 850.71558595]
[-118.76920784 -214.0393037 456.4525416]
[-76.7833837 -212.41087902 384.44972761]
[-36.07135525 -121.76124247 211.88263687]
[-72.24155735 -201.72704867 369.03137536]
[-18.06886707 -151.24863607 204.78648247]
[-79.64426457 -213.19834972 398.47403899]
[-136.1136852 -193.81852409 468.96738309]
[-61.66562773 -110.22325086 236.1311738]
[-267.55477637 -247.79774492 765.55032675]
[-180.96807868 -202.43755192 546.53684086]
[-40.48601815 -271.58097064 387.84129786]
[-67.43594782 -210.88798305 365.05824103]
[-18.30448296 -50.81752628 87.61085902]
[-42.44278862 -110.97357066 210.87168822]
[-223.45753496 -368.61255991 820.53481576]
[-71.5061974 -221.35655126 391.29972431]
[-47.74703183 -179.72699952 315.49180884]
[-141.91744903 -381.69163077 702.14712776]
[-116.86561001 -199.091203 443.46061687]
[-159.79673181 -176.60143204 483.67900358]
[-118.1079329 -198.36942597 452.7095734]
[-212.98499225 -247.24926946 681.96038831]
[-101.51240739 -249.38986077 479.59674538]
[-127.43709511 -274.06072909 542.20890094]
[-2.0255632 -100.20882433 116.51515698]
[-289.76500093 -295.69950625 873.62876998]
[-140.35868439 -243.21763377 515.75561841]
[-133.98957058 -171.10252877 432.10395805]
[-177.11494858 -227.65199146 582.23575897]
[-21.61693597 -78.51904286 136.4734549]
[-95.08114704 -253.56921961 474.03529677]
[-148.22078316 -237.52830854 530.17786281]
[-219.50321778 -94.37999026 485.5936768]
[-138.42270156 -150.68469875 434.18064169]
[-100.32185922 -120.15631665 324.61655282]
[-70.42939154 -184.60387053 342.12400203]
[-50.57643112 -65.640186 164.9025104]
[-61.63252483 -109.60166191 231.55438913]
[3.54181868 -166.48183864 182.5052597]
[-223.16202381 -237.14306496 678.36456607]
[-89.46153526 -125.51058283 315.39907663]
