[-3.1457448 -8.63136386 14.05970788]
[-4.72700453 -2.64996231 10.56826663]
[-3.06984353 -9.84478635 17.29613781]
[-6.80855685 -10.10402107 23.39617395]
[-5.69423686 -3.90155024 14.70912647]
[-7.30914986 6.44336349 3.80407595]
[-1.06882836 -9.23152187 12.59134197]
[-3.70863089 -9.52074054 17.55495099]
[-3.94023153 -8.16423772 15.26141265]
[-0.45694788 -9.48043144 14.37963401]
[-1.3239965 -5.97668388 9.65207389]
[-3.35502449 -4.74880703 12.87716639]
[-5.44180557 -8.88503802 20.37334007]
[-6.4273757 -6.54957793 20.40872014]
[-6.87242049 -1.38583034 13.95338881]
[-0.19344081 -9.79840071 11.22113389]
[-5.83263163 0.42731909 9.09383352]
[-2.97829188 -7.540837 13.7946904]
[-2.95298967 -8.6245876 16.51609454]
[-4.6036332 -9.98671663 18.26978827]
[-6.05370425 0.1473776 11.58737402]
[-8.96748608 3.07568933 12.87943875]
[-3.70383856 -11.37104017 20.97101104]
[-7.1266253 -2.64786541 16.11636703]
[1.03322423 -14.90880114 15.45177251]
[-7.96548873 -6.94626339 21.04346696]
[-0.1634213 -5.41804904 6.4102264]
[-0.51432197 -5.52786833 8.26538029]
[-6.33436366 -10.2643759 22.26600099]
[-1.24559361 -10.92104128 15.83120304]
[-1.46336717 -2.2510522 4.79817057]
[-4.5530811 -12.11816582 22.20049453]
[-0.39212696 -13.33991453 18.29329292]
[-7.14142732 -3.25504674 16.59391385]
[-4.49087952 -11.22085616 21.66897833]
[-6.02096882 -8.55840695 21.2119782]
[-0.63320081 -13.71639979 17.44737846]
[-2.45304947 -10.25068086 16.34230407]
[-2.14594202 -14.70461674 19.84258097]
[-7.03839635 -5.62719971 18.91590184]
[-5.83264984 -9.02669425 21.36290216]
[-3.81020582 -6.14991066 13.4742232]
[-6.05787801 -6.2551098 18.10124809]
[0.57205451 -15.13335443 18.30032039]
[-7.47958899 -1.02170853 13.60015947]
[-7.92266223 -6.00004351 18.72882876]
[-7.98686102 -1.01870781 14.98642737]
[0.3925478 -6.60595222 7.51284975]
[-5.20101242 -2.15183336 13.6991902]
[-1.2095143 -9.70529149 15.98470354]
[-2.85776266 -5.43522418 11.7682057]
[0.81589414 -9.29626034 10.81350121]
[-5.59792338 -6.83272889 17.342282]
[-6.13354896 -5.34472495 16.09355223]
[1.74696791 -11.33376393 11.78780255]
