[[14.54355318 -110.70698123 110.70449531]]
[[17.74959111 -91.09276018 80.17328784]]
[[-45.4985325 -248.57956287 382.63537037]]
[[-14.16067523 -103.31479692 148.94242327]]
[[5.25849931 -83.50333233 89.12947923]]
[[-29.08919646 -66.95202716 130.92259066]]
[[-52.26393776 -200.16012503 327.50129883]]
[[-25.54453361 -22.71632202 67.7034464]]
[[-5.49614232 -36.44441281 51.23390579]]
[[22.3353865 -55.12454887 24.36043993]]
[[2.0441905 -51.52179646 57.26312553]]
[[-43.39074418 -125.1626109 225.34745533]]
[[-18.35520043 -44.07123186 72.17439549]]
[[-56.09596171 -263.78843903 414.58368756]]
[[-153.3970331 -210.44307074 524.79008231]]
[[-247.86520335 -311.45122295 802.22542091]]
[[-8.15044565 -125.88621516 163.73810768]]
[[-60.09345519 -51.72157583 160.55368504]]
[[-7.34795013 -60.34898861 87.98860347]]
[[-0.94702882 -18.40566567 20.73236668]]
[[-3.09174489 -54.0438756 66.87005029]]
[[-35.91354615 -91.88676754 170.91222758]]
[[-27.31400663 -109.06713749 182.4141049]]
[[-34.29649239 -162.26513761 257.62473593]]
[[-64.35548651 -200.32839434 357.36721963]]
[[24.20453696 -66.52236995 36.31061551]]
[[-39.35029381 -104.00582276 187.70720903]]
[[-3.47412059 -55.05773164 68.97065425]]
[[-33.46415285 -75.31692924 145.92820412]]
[[24.09223116 -116.11335513 92.98445852]]
[[-15.6117867 -132.72344317 189.93691695]]
[[-33.6510154 -132.83365821 209.24748039]]
[[-5.93661232 -75.92497354 98.68492646]]
[[-15.53327998 -207.90227129 281.98499514]]
[[4.0896352 -84.94897243 91.68260416]]
[[-65.14750999 -113.65085138 243.84008224]]
[[10.03979139 -54.88730089 44.8118526]]
[[-12.67154771 -37.43106596 59.89407742]]
[[-90.42938045 -109.80482699 290.25235466]]
[[-52.08496097 -124.66755255 237.60615387]]
[[18.34000079 -59.20061897 38.60841285]]
[[-15.73543393 -77.86687962 123.54778103]]
[[-67.06523614 -174.40628757 329.48337466]]
[[-94.02010864 -313.56906851 541.59595411]]
[[11.34676655 -65.57311568 57.32905956]]
[[-8.40950517 -92.6973654 120.08883539]]
[[-90.86796486 -125.54268842 307.34070731]]
[[-3.28840717 -21.65145406 30.64662525]]
[[-8.71947216 -89.9398839 116.07869651]]
[[7.1048541 -71.34779999 71.08534986]]
[[1.02103833 -73.06768387 82.30426603]]
[[27.43695145 -187.91828717 178.20104457]]
[[5.73801844 -60.46314132 64.34285045]]
[[-58.19948414 -68.97392777 178.18118634]]
[[-133.97384754 -284.47151589 575.89534377]]
[[-117.39603732 -179.2197297 415.55011493]]
[[-73.63103483 -74.81825981 211.60894102]]
[[-22.51816542 -138.57079405 191.60742755]]
[[9.74196811 -110.62103337 117.80889611]]
[[-53.13860093 -207.18678036 338.25428573]]
[[-114.13886452 -277.90893167 526.70208007]]
[[45.32833827 -109.34168614 50.93635802]]
[[-41.17092812 -132.28202906 224.93324915]]
[[40.0106137 -153.45239786 121.25386386]]
[[-154.6042218 -239.44656254 556.31607319]]
[[14.99608154 -123.38979513 118.51727828]]
[[-2.11621081 -79.44743272 97.25034317]]
[[18.92340176 -80.50772878 65.47028014]]
[[-7.97962567 -126.79927792 161.04571919]]
[[-9.47857448 -119.4097011 159.89709235]]
[[20.60935165 -219.90088262 234.42257677]]
[[41.63658985 -134.62982108 90.89770097]]
[[24.4953414 -100.2076306 77.69558039]]
[[-26.34119061 -102.71056484 168.06319681]]
[[24.1964993 -108.93994127 92.23886767]]
[[20.57880818 -127.88163024 114.47962981]]
[[-75.25707371 -231.61139751 411.61797532]]
[[-113.07969374 -246.21412598 488.15966455]]
[[-10.293182 -77.99697825 107.62038275]]
[[-101.22332758 -61.25363258 240.24969901]]
[[-51.63567288 -43.12375651 138.88853672]]
[[19.63392313 -86.1246713 68.30202503]]
[[-182.37158948 -263.02605573 632.24706632]]
[[11.60425957 -135.76628898 136.11645329]]
[[14.96494694 -149.6559405 150.93259949]]
[[-10.03506091 -68.05878006 98.2710467]]
[[-18.29115075 -159.46324167 221.68563627]]
[[-13.93273184 -115.47007137 165.1602499]]
[[20.89165987 -112.53034537 97.90382416]]
[[11.85158942 -61.76925728 53.29326025]]
[[18.64888641 -76.55599982 56.08074022]]
[[-40.50586644 -94.96252788 183.37634278]]
[[8.13941002 -85.24462581 85.78393452]]
[[-9.60211402 -106.65426373 136.78030277]]
[[-5.32087366 -160.66679358 202.59480928]]
[[-16.11005754 -68.43305854 112.82395737]]
[[-1.45442802 -143.43821915 178.53831267]]
[[-7.77401181 -129.87045547 162.63721034]]
[[-0.10270008 -70.84416679 81.66818982]]
[[-12.2547615 -130.10126729 170.8181216]]
[[-6.27712091 -93.20880392 123.73438591]]