[67 12 71]
[51  7 54]
[154  29 155]
[67 11 50]
[41 10 60]
[57 12 56]
[142  21 109]
[25  8 38]
[29  6 30]
[44  8 74]
[17  5 27]
[92 11 54]
[28 16 67]
[182  17 134]
[207  23 125]
[358  38 165]
[91 10 63]
[75 24 87]
[34  5 29]
[15  5 25]
[35  7 51]
[ 90  31 103]
[85 13 57]
[104  14 100]
[162  13  93]
[38 17 89]
[ 92  32 124]
[38  9 51]
[65  4 36]
[53  2 61]
[81 17 61]
[82 11 66]
[48 17 64]
[121  32 122]
[38  2 45]
[105  29 131]
[32 10 67]
[27  9 47]
[135  22 116]
[115  20 102]
[34  2 38]
[53 18 78]
[134  22  95]
[253  26 131]
[35 11 71]
[ 68  18 100]
[136  25 121]
[12  6 20]
[61 17 80]
[36  2 25]
[49 16 67]
[93 12 79]
[27  3 24]
[57 19 59]
[230  24 126]
[146  20 118]
[109  26 115]
[78 12 84]
[47  5 48]
[151  24 102]
[245  21 134]
[36  9 72]
[91  9 50]
[70  5 64]
[271  38 156]
[55 11 70]
[37  6 41]
[30  5 36]
[88 17 85]
[77 14 72]
[110   2  78]
[51  7 71]
[41  9 58]
[75 16 64]
[44  4 44]
[58  6 55]
[172  12 106]
[219  10  92]
[50 10 52]
[113  26 122]
[64 18 55]
[40 13 71]
[252  21 160]
[65 10 69]
[68 12 70]
[90 14 85]
[85 12 72]
[83 11 65]
[52  8 64]
[28  8 39]
[29 13 45]
[71 12 54]
[39  4 43]
[68  7 58]
[77 21 81]
[46  3 27]
[82 12 61]
[68 11 73]
[37  1 28]
[82 17 91]
[48  7 47]